16 16 15 15 16 17 17 18 19 20 20 20 21 22 24 26 28 28 29 29 30 30 31 32 33 34 36 39 41 42 43 45 47 48 46 45 48 51 52 51 49 50 51 52 53 54 53 52 51 49 48 49 51 53 56 58 57 54 53 52 51 52 52 53 54 55 51 46 42 37 35 37 42 45 46 46 46 44 42 38 36 37 39 41 44 46 47 49 50 48 47 47 46 45 47 49 49 49 48 46 
20 19 18 18 19 19 19 20 21 22 22 22 22 23 25 27 29 30 30 30 30 30 31 32 33 34 36 38 40 42 44 46 48 48 47 47 49 51 52 51 50 51 51 52 53 54 53 52 51 50 49 49 51 52 55 56 56 54 52 52 51 52 52 53 54 54 52 47 43 39 36 37 41 44 45 45 45 45 42 38 36 37 39 41 43 44 46 49 50 49 48 48 48 47 48 49 48 47 46 45 
27 26 25 24 24 24 24 25 26 27 27 26 25 26 28 30 32 33 34 32 31 31 32 33 35 36 37 37 39 44 47 49 49 50 51 52 52 51 51 51 52 52 52 53 53 53 52 52 52 51 51 51 51 51 52 54 53 52 52 52 52 52 53 53 54 54 52 50 47 42 39 39 41 43 43 43 44 45 43 39 37 37 39 40 41 41 44 48 50 50 51 50 50 49 48 48 47 45 44 44 
34 33 31 30 29 29 29 30 30 31 31 30 29 30 32 34 35 37 38 36 35 35 35 35 37 39 39 39 41 46 50 51 51 52 54 55 54 53 52 52 52 52 52 53 53 53 52 52 53 53 53 52 51 50 50 51 51 51 53 54 55 55 55 54 54 54 53 52 50 46 43 43 43 43 43 42 43 44 44 40 38 39 40 41 41 41 44 48 49 50 50 50 49 48 48 47 47 45 44 45 
39 39 37 36 34 33 34 35 35 34 33 32 31 33 36 38 39 40 41 41 41 40 38 37 39 40 42 44 46 49 52 52 52 53 55 56 57 56 55 54 53 54 54 54 53 52 53 54 55 56 55 53 50 48 48 49 50 52 55 58 60 60 59 57 55 54 54 55 54 52 50 49 46 44 44 44 44 44 44 41 40 41 42 43 42 43 44 45 46 47 48 47 46 46 45 45 46 47 47 48 
44 44 43 41 39 38 39 40 40 37 36 35 34 36 39 42 43 42 43 45 45 44 41 40 40 42 44 48 51 53 55 54 53 54 56 57 59 60 58 57 56 56 56 56 55 53 54 56 58 58 58 55 51 48 48 48 50 53 57 61 63 63 62 60 56 54 55 58 57 57 56 53 48 46 46 46 45 44 44 42 40 41 43 44 43 43 43 43 44 46 47 46 45 44 44 44 46 48 49 51 
49 48 48 46 44 43 43 43 43 41 40 40 39 41 44 46 46 45 45 47 47 46 43 42 43 45 47 49 52 54 57 57 57 59 60 61 62 62 60 60 59 60 60 59 57 56 56 57 58 58 58 57 54 52 51 51 52 55 58 62 65 64 62 60 58 56 57 57 57 57 57 55 52 50 49 48 45 43 42 41 40 41 43 44 44 45 45 45 45 46 46 46 46 46 46 46 47 48 49 51 
52 52 52 51 49 47 46 46 46 45 44 44 45 46 49 50 49 48 47 48 49 47 44 43 45 48 48 49 52 56 58 60 63 64 64 65 65 63 62 62 63 63 63 62 60 57 57 57 58 58 58 59 59 58 56 55 56 57 59 64 66 65 62 60 58 58 57 55 55 56 56 56 56 55 53 51 47 42 41 40 40 42 45 46 47 48 48 47 47 45 44 45 47 48 49 50 50 49 49 51 
55 55 56 55 53 52 51 50 49 48 48 48 49 50 53 54 53 50 49 49 49 47 45 44 46 48 49 50 54 59 62 63 65 66 66 66 67 66 66 67 68 68 67 65 61 59 58 58 58 58 59 59 61 62 61 60 60 60 62 66 68 66 62 59 58 57 56 55 55 56 57 57 58 58 56 53 49 44 42 42 42 43 46 47 48 49 49 48 47 45 43 44 48 50 51 52 52 51 51 53 
58 58 57 56 57 57 55 53 52 51 51 51 52 54 56 57 55 52 50 50 50 49 48 47 46 46 49 52 57 62 66 66 65 65 67 69 69 69 70 72 72 71 69 66 63 61 59 59 59 59 60 60 61 63 63 64 64 65 66 68 69 67 62 59 56 55 55 55 56 57 58 59 60 59 57 53 50 47 46 45 45 46 48 49 47 47 47 46 45 43 42 44 48 51 53 55 56 56 56 56 
62 61 59 59 60 61 59 56 55 54 53 54 55 57 59 60 58 55 52 51 51 51 51 50 47 46 49 54 59 65 68 68 65 65 68 70 71 72 73 74 75 73 69 66 64 62 61 60 60 61 61 61 62 64 65 66 67 68 68 69 70 68 63 59 56 55 56 57 58 59 60 60 61 61 58 54 52 51 49 48 48 49 51 51 48 47 47 47 45 43 42 44 50 53 55 57 58 58 59 58 
65 64 62 62 63 63 61 59 57 55 54 55 56 58 59 60 59 57 55 54 54 53 52 51 50 50 53 58 62 66 68 69 68 68 70 71 72 72 73 74 75 73 70 66 63 61 60 61 61 61 61 61 62 64 66 67 68 70 70 71 72 70 67 63 61 60 61 61 62 62 61 62 64 64 61 58 56 55 53 52 52 52 52 52 51 50 51 50 49 47 45 46 49 52 54 55 56 57 57 57 
68 67 65 65 66 66 64 61 59 56 54 54 56 57 58 59 59 59 58 57 57 55 53 53 55 58 60 63 66 67 68 70 72 72 71 72 71 70 71 74 75 73 69 65 62 59 59 60 61 61 61 61 62 63 65 66 68 71 72 73 73 73 71 70 68 68 68 68 67 64 63 64 65 65 64 62 60 59 58 57 57 55 53 53 54 55 55 55 53 51 49 48 48 50 51 52 53 53 54 55 
69 68 67 67 68 68 66 63 61 58 56 56 57 58 59 59 59 60 60 59 59 57 56 56 60 62 64 66 69 69 70 72 74 73 72 72 71 70 71 73 74 73 69 65 61 58 58 60 62 62 62 62 62 62 63 65 67 70 72 73 73 74 74 74 73 73 73 72 71 68 66 67 67 66 65 63 61 60 60 59 59 57 55 55 57 58 58 57 55 52 51 49 48 49 50 51 51 52 53 54 
69 69 70 70 70 68 66 63 61 61 60 60 59 59 60 60 59 58 58 59 59 60 61 62 64 66 67 67 69 70 71 73 75 74 73 72 72 72 72 73 73 72 70 66 62 59 58 58 60 62 64 63 62 62 63 65 67 69 71 71 71 72 75 76 77 77 75 73 71 71 71 71 70 67 63 61 60 61 61 60 60 59 58 59 60 61 59 57 54 51 49 49 49 50 51 53 53 54 55 56 
68 70 72 72 71 69 66 63 62 63 64 62 61 60 61 61 60 58 57 59 60 61 64 65 67 69 68 67 69 71 73 75 76 74 73 73 72 72 73 71 71 71 70 66 62 59 58 57 59 62 64 63 62 62 63 65 67 70 72 71 70 73 77 78 79 79 76 72 71 73 74 73 71 68 64 60 61 62 63 62 62 62 61 62 63 64 61 57 54 51 48 48 49 50 52 54 54 55 56 56 
69 70 71 71 70 68 67 65 64 65 65 64 63 62 61 60 60 58 58 59 60 61 64 66 66 68 68 69 71 73 74 76 77 76 74 72 72 71 71 71 70 69 67 64 60 58 57 57 59 61 63 62 61 61 62 64 67 71 74 74 74 75 77 78 78 78 76 72 71 73 74 73 71 69 66 65 65 65 66 66 66 66 66 66 66 65 62 58 55 52 50 49 49 50 51 53 53 54 55 55 
70 69 68 67 67 66 66 66 66 67 67 66 66 64 61 59 59 59 59 59 60 61 65 66 65 66 68 70 73 75 76 78 79 77 74 72 71 70 70 70 69 68 64 61 60 58 58 59 59 61 61 61 60 60 60 62 66 72 76 77 77 77 76 75 75 75 73 72 71 73 75 73 70 68 69 70 69 68 68 69 70 70 70 69 68 66 63 59 56 54 52 50 50 50 51 52 52 53 54 54 
70 69 67 66 65 64 65 66 67 69 69 68 67 65 62 59 59 60 60 60 60 62 65 66 66 67 69 72 74 76 77 79 80 77 74 71 70 69 69 68 68 66 64 62 61 60 59 59 57 57 57 57 57 59 60 62 67 73 78 80 80 79 77 75 73 72 71 71 72 74 76 74 71 70 72 74 73 72 72 73 74 73 73 71 68 65 62 59 57 55 53 52 51 50 51 51 52 53 53 54 
68 68 68 67 66 65 65 67 69 71 71 69 68 66 63 62 62 62 63 62 62 62 63 65 67 70 72 75 77 78 79 79 79 77 73 71 69 67 66 66 65 65 65 64 63 62 60 56 53 52 52 52 53 56 60 64 69 74 79 82 83 82 80 76 73 70 70 72 74 77 78 76 73 72 73 74 75 76 77 77 77 76 75 72 68 65 61 58 56 56 55 53 51 50 51 51 51 51 52 54 
67 68 69 68 67 66 66 67 69 71 71 70 68 66 64 64 63 64 64 63 63 63 63 64 68 71 74 77 79 79 79 80 79 76 73 70 68 66 65 64 64 64 65 65 65 63 60 55 51 49 49 50 51 55 61 65 69 75 79 83 84 83 81 77 73 69 70 74 76 78 79 77 74 73 73 74 76 78 79 78 78 77 75 72 68 64 60 57 55 56 56 54 51 50 50 50 50 50 50 54 
67 68 69 68 66 65 65 66 68 70 71 69 67 65 64 64 63 62 62 62 62 62 61 63 66 69 72 75 77 78 79 79 78 76 72 70 68 67 66 65 65 65 66 65 64 63 61 57 54 52 52 52 54 58 62 66 70 75 79 82 83 82 79 76 73 71 72 74 76 77 77 76 74 74 73 73 75 77 78 78 78 78 76 72 69 65 61 57 55 55 54 52 51 51 51 51 51 51 51 53 
67 68 69 68 66 64 64 65 67 69 70 68 65 64 64 64 61 58 57 59 60 59 58 60 63 65 68 71 73 75 76 76 76 74 72 71 69 68 67 67 67 67 67 66 64 62 61 60 59 57 57 58 61 64 66 68 72 77 79 81 82 80 77 75 75 75 74 75 75 74 74 74 75 74 72 71 73 75 77 78 78 78 76 73 70 66 62 58 55 52 50 50 51 51 51 51 51 52 52 51 
68 69 69 68 66 64 64 65 67 69 69 68 65 63 63 63 61 56 55 56 57 56 55 57 60 63 65 68 70 72 73 74 74 73 73 72 70 69 68 68 69 68 67 65 62 61 61 62 62 62 63 64 66 68 69 72 75 78 79 80 80 78 76 76 78 78 77 77 76 74 73 74 74 73 70 69 71 74 75 77 78 77 75 72 69 65 61 56 52 49 46 46 48 49 49 49 50 51 51 49 
71 70 67 66 65 65 65 67 69 71 71 68 65 63 62 61 59 55 53 53 53 53 52 55 59 63 64 66 68 70 71 72 73 74 75 74 73 70 70 69 70 69 67 64 60 57 58 61 63 66 68 68 68 70 74 77 79 79 79 78 78 78 78 79 81 82 80 78 77 76 75 74 72 70 68 68 69 72 74 76 77 76 72 69 65 61 57 53 49 46 44 44 46 47 47 46 48 49 49 48 
72 70 65 63 64 64 65 68 70 71 71 69 65 63 61 59 57 54 52 51 51 51 51 54 59 63 64 65 66 68 69 70 72 74 75 75 73 71 70 70 70 70 68 64 59 56 58 61 65 69 72 71 70 72 77 81 82 81 80 78 78 78 79 81 83 83 81 79 77 76 76 74 71 69 67 67 68 70 73 75 77 74 70 66 62 58 54 50 47 44 43 42 44 45 45 44 46 47 47 47 
70 68 66 64 63 63 64 67 68 70 70 68 64 62 60 59 57 54 52 52 53 52 52 54 58 61 62 64 65 66 66 68 70 71 72 72 71 71 70 70 70 69 68 66 62 59 61 65 69 72 73 73 72 73 78 81 82 82 80 79 78 79 80 82 83 83 81 79 77 76 76 74 71 69 67 66 68 70 72 74 75 73 69 66 62 59 55 50 46 43 41 41 41 43 44 44 46 47 48 47 
66 67 67 66 64 63 64 65 66 68 68 66 62 60 58 57 55 53 53 55 57 55 54 54 56 58 60 63 65 64 63 65 68 68 67 66 67 70 70 69 69 69 69 68 66 65 67 71 73 74 74 74 73 73 77 80 81 81 81 79 79 79 81 82 83 82 80 78 77 76 76 74 72 70 67 67 68 71 72 73 73 72 69 66 64 61 57 52 47 43 40 39 39 40 42 44 46 47 48 47 
63 64 65 66 64 64 64 64 64 66 66 64 60 58 56 54 53 52 53 57 59 58 55 55 56 57 59 62 64 63 62 63 66 65 63 61 63 67 68 68 67 68 69 69 69 69 71 74 76 76 76 75 74 73 75 78 79 80 80 80 79 80 81 83 83 81 79 78 76 76 75 74 72 70 68 68 69 70 71 70 70 69 67 66 64 62 57 52 48 44 41 39 37 37 39 41 43 45 47 47 
60 61 62 64 64 64 64 64 63 63 64 62 60 58 55 52 52 52 54 58 61 59 57 56 55 55 57 60 62 61 61 62 64 62 59 57 60 64 65 64 64 64 66 68 70 72 73 75 77 77 78 77 75 74 74 75 77 78 80 80 81 81 82 83 84 82 80 78 76 75 74 73 70 69 69 70 70 70 69 66 65 66 66 66 64 62 57 51 46 44 42 39 36 35 36 38 41 43 46 48 
58 58 60 62 62 63 63 63 62 62 62 61 60 58 54 52 51 51 54 58 61 60 58 57 55 54 56 58 60 60 61 62 62 61 57 55 57 62 63 62 61 62 64 67 70 72 73 75 76 77 78 78 76 74 73 74 76 78 79 81 81 82 83 84 84 83 80 77 76 74 74 71 68 68 69 70 70 69 67 63 61 62 65 65 63 60 55 49 44 43 41 38 35 33 34 36 38 41 44 47 
56 56 57 59 60 61 62 61 60 60 60 59 58 56 53 51 51 52 54 58 60 59 57 56 55 55 56 58 59 60 60 61 61 60 56 54 56 60 61 61 60 62 65 67 69 71 72 73 74 75 76 77 77 75 74 75 77 79 80 81 82 82 82 83 83 82 79 77 75 74 73 71 68 67 67 67 67 67 65 62 60 61 62 61 60 57 52 46 42 41 40 37 33 32 33 36 37 39 42 45 
54 54 54 55 57 59 59 59 58 57 57 56 54 53 51 51 51 53 56 59 60 59 57 56 56 56 56 57 57 58 59 60 60 59 56 54 55 58 59 59 60 62 66 68 68 68 69 70 70 71 71 74 77 77 76 77 79 80 82 82 82 81 81 81 82 81 79 77 75 73 72 70 67 66 64 63 64 65 64 62 61 60 58 56 55 52 48 44 40 40 39 36 32 32 35 37 37 37 39 41 
53 53 52 51 52 53 54 54 53 53 53 52 51 51 51 51 51 53 56 59 60 59 57 57 57 57 58 57 56 56 56 57 58 58 55 54 55 57 58 58 58 61 65 68 68 68 69 69 68 67 68 71 75 76 77 78 80 81 82 83 82 82 81 82 83 81 79 77 75 73 71 69 66 64 62 61 62 63 63 61 61 59 56 53 51 48 45 41 39 38 37 35 32 33 36 38 38 37 38 39 
53 52 51 50 48 47 47 47 48 49 49 49 48 48 49 50 51 53 55 60 62 61 59 58 59 59 60 59 57 53 52 53 56 57 56 55 57 59 59 59 58 60 64 67 68 69 70 70 69 66 66 68 70 73 76 79 81 82 83 83 83 83 84 85 85 83 80 77 74 72 70 68 65 64 62 60 61 62 62 61 61 59 55 51 49 46 44 41 39 37 36 34 33 34 36 38 37 37 38 37 
52 52 51 49 44 42 42 43 43 45 46 45 45 46 48 49 50 52 55 61 64 62 60 60 60 61 61 60 57 52 49 51 55 56 56 55 57 60 60 59 58 60 63 66 68 69 71 72 70 67 66 67 68 71 76 80 81 82 83 83 83 83 85 86 86 84 81 78 74 71 69 67 65 63 61 60 60 61 60 60 60 58 54 50 48 46 44 41 40 38 36 35 34 35 36 36 36 35 35 34 
49 50 49 47 44 42 42 41 41 43 44 44 44 46 47 48 51 55 58 62 65 63 61 60 61 61 60 59 56 51 49 51 54 56 56 55 57 58 59 59 58 60 63 66 68 70 71 72 71 69 68 70 71 74 77 79 81 83 84 84 84 85 86 87 87 85 81 76 72 69 68 66 64 62 60 59 58 58 57 56 56 55 51 49 47 46 44 42 40 40 39 37 36 35 35 34 33 32 31 30 
45 46 47 47 46 45 43 40 40 42 44 45 46 47 47 48 53 59 62 65 65 64 61 60 61 62 60 57 54 52 50 52 55 56 57 57 57 57 58 59 59 61 64 66 68 69 71 71 72 72 73 75 77 79 79 79 82 84 85 86 87 87 88 89 88 86 80 73 69 67 65 63 63 61 60 58 57 54 53 52 51 50 48 47 47 46 44 42 41 43 43 41 38 36 34 32 30 28 27 27 
42 43 46 47 47 46 44 41 41 43 44 45 46 48 48 49 54 60 63 65 66 64 61 61 61 61 60 57 56 54 53 54 57 59 59 59 59 59 59 60 61 62 64 65 66 67 69 71 72 74 76 78 80 82 81 82 84 86 87 87 88 88 89 88 87 85 79 72 68 66 64 62 61 59 58 56 54 51 50 48 48 48 47 47 48 48 46 45 44 45 45 42 39 35 32 28 25 24 22 22 
38 40 44 46 48 48 47 44 43 43 43 44 47 48 50 52 55 58 60 63 64 63 62 61 62 62 60 59 58 56 55 57 60 62 63 63 62 60 60 62 64 64 64 63 62 62 65 69 72 74 76 77 79 81 83 85 86 87 86 86 86 87 87 87 86 84 80 74 70 67 65 62 60 58 56 55 52 49 47 47 48 48 49 50 51 52 51 49 48 46 44 42 38 33 29 25 22 20 18 16 
36 39 44 46 49 49 48 46 45 43 42 44 47 49 51 53 55 56 59 61 63 62 62 61 62 62 61 60 60 57 56 58 62 63 64 65 64 61 61 63 65 65 64 63 60 60 63 68 71 73 75 76 78 80 84 87 87 87 86 85 85 85 86 86 86 84 80 76 72 68 65 63 60 58 56 55 52 47 46 47 48 49 51 53 54 54 53 52 50 46 42 41 38 33 28 24 21 18 16 13 
38 40 44 46 48 47 47 46 45 44 43 44 45 47 50 53 56 58 60 62 62 62 62 61 61 60 59 58 58 57 57 58 60 61 62 62 62 61 61 63 65 64 63 62 61 61 64 68 71 73 75 76 77 79 83 86 87 87 87 86 86 86 87 86 84 81 78 74 71 67 65 63 60 58 55 54 51 48 47 47 47 49 51 52 52 52 52 52 50 47 44 42 39 34 30 26 22 20 18 15 
42 43 45 46 46 44 45 46 45 44 44 43 42 44 49 53 56 59 62 62 61 61 62 61 59 57 56 55 56 58 59 58 57 57 56 56 57 59 60 62 64 63 62 61 61 61 64 67 70 73 75 75 75 77 81 84 86 88 88 88 88 88 87 86 81 77 74 72 69 67 65 62 60 58 55 52 51 49 48 47 47 48 50 51 50 49 50 51 50 48 45 44 41 37 33 30 27 25 22 20 
44 44 46 47 46 44 44 46 45 44 43 42 41 42 47 52 55 58 61 61 60 61 61 60 57 55 55 55 56 58 59 58 56 54 53 52 53 56 58 60 62 61 60 58 58 58 61 63 66 69 71 71 71 74 78 81 83 85 86 86 87 86 85 84 79 75 73 71 69 67 65 63 61 59 56 54 52 51 51 50 50 51 52 53 51 49 50 51 50 47 45 44 42 40 37 34 32 29 27 25 
45 45 46 48 47 45 45 46 45 43 43 42 40 41 45 49 52 55 59 61 62 62 61 60 56 54 55 57 58 60 61 59 54 51 51 51 51 53 56 56 56 56 56 54 52 53 55 57 59 63 66 67 68 70 73 75 77 80 81 83 84 84 83 81 79 76 74 73 70 68 67 64 60 58 58 57 56 56 56 56 56 56 57 56 53 50 49 49 48 46 45 44 43 41 39 37 34 32 30 28 
46 47 48 49 48 47 46 46 45 43 43 42 40 41 44 47 50 54 58 62 64 63 62 60 56 53 55 59 60 61 62 59 54 50 50 50 50 52 53 53 52 52 52 50 48 48 50 52 54 59 62 63 64 67 69 70 73 76 77 80 81 81 80 79 78 77 75 74 72 70 68 65 60 59 59 59 59 60 60 60 60 60 60 58 54 50 49 48 46 45 45 44 43 42 40 38 37 35 34 32 
49 49 49 50 48 47 47 47 46 44 44 43 42 43 46 49 52 55 59 62 64 64 62 60 56 54 55 59 60 61 61 58 53 49 49 49 48 49 50 50 49 49 49 47 45 46 47 49 53 57 60 61 62 64 66 68 70 73 75 77 78 78 78 78 77 77 76 74 73 72 70 67 62 60 61 61 61 61 61 62 62 61 61 59 54 50 49 47 45 43 42 42 42 42 41 40 40 39 39 38 
53 53 52 51 48 46 46 47 46 45 45 44 43 45 48 52 55 58 61 64 66 65 64 61 57 54 56 58 59 60 60 57 52 48 48 47 46 47 47 46 45 45 46 45 43 43 45 48 52 57 60 61 62 63 64 66 68 71 72 75 76 76 76 76 77 77 76 76 75 75 73 70 65 62 63 63 62 63 63 63 63 63 62 60 55 51 48 46 43 41 39 39 40 41 41 41 41 42 43 43 
57 56 54 51 47 44 44 46 46 46 46 46 45 48 52 55 58 61 63 66 68 67 65 62 58 55 56 58 58 58 57 55 50 47 47 46 44 44 44 42 41 42 42 42 41 42 44 47 52 57 61 61 62 63 63 64 66 69 71 73 74 75 75 76 76 77 77 77 77 77 76 72 68 65 65 64 64 64 64 64 65 64 63 61 56 51 48 45 41 38 37 37 38 39 40 41 43 45 47 49 
59 58 55 51 45 41 42 43 44 46 47 47 47 50 56 60 62 64 66 68 69 68 65 62 60 58 58 58 57 56 55 53 50 47 45 43 41 40 40 40 40 40 39 39 39 40 43 47 53 58 62 63 63 64 62 62 64 67 68 70 70 71 74 75 74 73 74 75 76 76 75 74 72 70 67 66 65 65 65 65 65 64 61 59 56 53 50 46 41 37 35 35 36 38 39 41 44 49 53 55 
60 59 56 51 44 40 40 41 43 46 48 48 48 52 58 63 65 66 68 69 69 68 65 62 61 60 59 58 56 55 54 53 50 47 44 41 39 39 39 40 40 39 37 37 37 39 42 47 53 59 62 63 64 64 61 60 62 65 66 67 67 69 72 73 72 71 72 74 74 74 74 74 75 72 69 67 66 66 66 66 65 64 61 59 57 54 51 47 42 38 36 36 36 38 40 42 46 53 57 59 
59 58 55 51 45 42 42 43 44 46 48 48 48 51 57 61 63 65 67 69 69 68 65 62 61 59 58 56 55 54 54 53 50 47 44 41 40 39 39 41 42 41 39 39 39 40 43 47 52 58 61 62 62 63 61 61 62 64 64 65 65 67 70 71 71 71 72 73 73 73 73 73 73 71 69 67 67 67 67 66 66 65 63 61 60 57 54 49 44 40 39 38 38 41 44 47 51 55 59 61 
57 57 55 52 48 46 46 48 48 48 49 49 48 51 54 57 60 64 66 67 68 67 65 62 59 57 55 53 52 53 54 52 49 46 44 42 40 39 41 44 46 45 44 43 42 42 44 47 51 56 60 60 60 61 62 64 63 62 62 62 62 64 67 69 70 71 71 71 70 70 70 70 70 69 68 67 67 67 67 67 67 66 65 64 63 62 57 51 47 44 43 42 42 45 51 56 57 58 60 62 
55 55 55 54 51 50 50 51 50 49 50 49 49 51 53 55 58 63 65 67 67 66 64 61 58 56 54 52 50 51 52 50 48 46 44 42 41 41 44 48 50 49 48 46 44 43 45 47 50 54 57 57 58 60 63 64 64 62 61 60 59 61 65 67 69 70 69 68 67 65 64 65 67 68 68 68 68 68 67 67 67 66 66 65 65 64 60 55 51 50 49 48 48 52 58 62 62 61 62 63 
54 54 53 54 54 55 55 53 51 49 48 49 50 52 54 55 58 62 65 67 67 65 62 59 58 57 55 53 51 49 48 48 48 47 46 45 44 44 47 51 54 52 49 47 44 44 45 48 50 51 52 54 56 59 62 65 65 64 63 61 60 61 64 67 69 70 69 67 65 61 59 60 64 66 69 70 70 69 68 68 67 66 64 64 64 64 62 60 57 56 55 55 55 58 62 65 65 64 64 64 
53 53 52 53 56 58 57 55 53 49 48 50 52 54 55 56 58 62 65 66 67 65 60 57 56 56 55 53 51 47 45 46 48 48 47 46 46 46 50 54 57 55 52 49 46 44 46 49 50 50 50 52 54 58 62 65 66 66 64 62 61 62 64 67 68 69 68 66 62 57 54 56 61 65 68 70 70 70 69 68 67 66 63 63 64 65 65 64 63 61 61 60 61 64 66 68 68 67 66 66 
52 51 50 51 54 57 57 56 54 52 52 54 55 56 56 56 58 62 64 65 66 63 58 56 56 56 54 52 49 45 43 44 46 46 45 45 46 48 52 57 59 57 54 51 48 46 48 49 50 51 52 53 55 59 62 65 66 65 64 62 61 61 62 64 66 67 65 63 60 55 53 55 59 62 65 66 67 67 66 66 66 65 63 64 65 65 66 66 65 64 63 64 65 68 69 71 71 71 70 69 
50 49 48 49 52 54 56 55 55 56 57 58 59 59 57 55 57 61 63 64 64 62 58 56 56 56 54 52 49 45 42 43 44 44 43 43 45 49 53 58 61 59 56 53 51 49 49 50 51 52 53 55 57 60 63 65 65 64 63 62 61 60 59 60 63 64 62 60 57 54 52 54 57 60 61 61 62 63 63 62 63 63 64 64 64 64 65 65 65 65 64 66 69 71 71 72 74 75 75 73 
48 47 47 48 51 54 55 56 56 57 58 60 60 60 58 56 57 60 62 62 63 61 58 56 57 57 55 52 49 44 41 42 43 43 43 44 46 50 54 60 62 61 58 56 53 51 51 51 51 51 52 54 56 58 61 63 63 63 62 61 61 60 58 59 62 62 61 58 54 51 50 51 54 58 59 59 60 61 60 60 60 60 62 63 63 64 65 66 67 67 67 68 71 72 73 73 75 77 76 75 
45 46 48 50 52 55 57 57 57 57 57 59 61 61 60 58 57 57 58 59 60 59 58 58 59 58 56 52 49 44 41 42 44 44 44 46 48 51 55 61 64 63 61 59 55 53 52 52 51 49 49 50 51 54 57 59 60 59 59 58 58 58 59 60 62 62 60 56 52 49 48 49 52 56 59 61 61 58 57 57 57 58 60 62 64 65 67 69 71 70 69 71 73 74 75 75 76 77 77 75 
43 45 49 51 54 56 58 58 58 57 57 59 61 62 61 60 58 56 56 58 59 59 59 58 59 59 56 53 49 43 40 42 44 45 45 47 49 51 56 62 66 65 63 61 57 53 53 52 51 48 47 48 49 51 55 57 58 57 57 56 56 57 60 61 63 63 60 55 51 48 47 48 52 56 60 62 61 57 55 56 56 57 60 62 64 66 68 71 73 71 70 71 73 74 76 77 77 77 76 75 
45 46 48 49 51 54 55 56 56 56 57 58 60 60 61 60 58 57 57 58 59 59 59 59 59 58 55 51 48 44 42 42 44 45 44 46 49 52 56 62 65 64 62 60 57 55 54 53 51 49 49 49 50 52 55 58 58 58 58 58 58 58 60 61 62 61 58 54 50 47 46 47 50 54 57 60 59 57 55 56 56 57 60 62 63 65 67 70 71 71 70 71 73 74 74 74 74 74 74 73 
48 47 46 46 47 49 51 52 53 55 57 58 57 58 60 61 59 58 58 59 60 60 59 58 57 56 53 49 46 45 44 44 45 45 44 45 48 53 58 63 65 63 59 57 57 57 56 53 52 51 51 51 52 53 56 58 59 59 60 60 60 60 60 60 60 59 56 52 49 46 45 46 47 50 53 55 56 56 56 56 57 58 60 62 63 64 66 68 69 69 69 71 73 73 71 69 69 69 69 68 
48 47 45 45 46 47 48 50 52 55 57 57 57 57 59 60 59 57 57 58 58 58 57 56 54 53 51 48 46 44 44 44 45 46 46 46 50 55 59 63 65 63 59 57 57 57 56 54 53 53 53 53 53 54 56 57 58 58 59 60 61 60 59 59 59 58 56 52 49 46 46 46 47 49 51 53 55 55 56 56 57 58 61 64 65 66 68 69 69 68 68 69 71 71 69 67 66 66 65 65 
47 47 47 47 46 46 47 49 51 55 58 57 56 56 58 59 57 56 55 55 55 54 52 50 49 48 47 47 46 43 42 43 44 46 47 49 53 58 61 64 65 64 62 60 57 55 54 53 53 54 55 55 54 54 55 55 55 55 56 59 61 60 58 57 57 57 56 54 51 47 45 46 49 51 51 52 54 56 57 57 57 58 62 65 67 69 71 72 71 69 67 67 67 67 67 67 66 65 64 62 
47 47 48 48 46 46 46 47 49 53 56 55 54 54 55 56 55 53 52 52 51 50 48 46 45 44 45 46 46 43 42 42 44 46 48 51 55 60 63 65 66 65 64 62 57 54 54 54 54 56 57 57 55 54 54 53 52 52 53 57 60 58 56 55 56 56 56 55 52 47 44 47 50 52 52 52 54 57 58 57 56 58 62 65 68 71 73 74 73 69 67 66 65 64 66 67 65 63 62 60 
47 48 49 48 46 45 45 45 46 48 49 49 48 48 50 51 50 49 49 48 48 47 45 44 43 43 44 45 45 44 43 44 46 48 50 52 56 61 64 66 66 66 65 62 58 55 56 57 58 58 58 58 57 57 56 55 53 52 52 54 55 54 54 54 56 56 56 55 52 48 46 48 51 53 54 54 56 57 57 56 55 57 61 65 68 70 72 73 72 68 67 67 66 65 67 66 64 62 60 56 
48 48 50 49 46 45 44 44 43 42 41 41 41 42 44 45 45 45 45 45 44 44 43 42 43 43 43 44 44 45 45 46 48 49 51 54 57 62 65 66 66 66 65 63 59 56 58 61 62 60 59 59 60 60 60 59 56 53 51 49 48 49 51 53 56 58 57 54 52 50 49 50 52 55 58 59 59 57 56 54 53 56 61 65 67 69 71 72 71 69 67 68 69 69 69 68 65 62 59 54 
49 50 51 50 48 46 44 42 40 37 35 36 36 36 38 40 40 40 41 42 42 41 41 40 40 41 42 42 43 44 45 46 48 49 51 54 57 63 67 68 68 68 67 64 60 58 60 64 64 62 61 61 62 62 63 62 58 53 49 46 44 45 49 52 55 58 57 54 52 51 51 52 54 57 61 63 61 59 57 55 54 57 62 65 67 69 71 72 72 70 69 70 71 71 72 71 67 63 59 52 
50 51 52 52 49 47 45 41 38 33 31 31 31 32 34 36 36 37 38 39 39 39 38 37 38 39 40 41 42 44 45 46 48 49 51 53 57 63 68 70 70 70 69 66 62 59 62 65 66 64 63 63 64 65 65 64 59 53 48 43 41 42 46 50 54 57 57 55 53 52 52 53 56 59 63 65 63 60 59 56 55 58 62 65 67 69 71 73 73 71 70 72 73 73 74 73 69 64 59 52 
50 51 53 52 50 47 45 41 36 31 29 29 29 30 32 33 33 34 36 37 37 37 36 35 36 37 38 39 41 43 45 46 48 49 51 54 58 64 69 72 72 72 70 68 63 61 63 67 67 65 64 64 65 66 66 64 59 53 47 42 39 41 45 49 54 57 57 55 53 53 53 54 56 60 64 66 64 61 59 57 56 58 63 66 67 69 71 73 74 72 71 73 74 75 75 74 70 65 60 52 
51 51 52 51 49 46 44 41 37 32 30 29 29 29 30 31 31 32 34 36 36 36 34 33 35 37 38 38 39 41 43 45 48 50 53 55 60 65 70 73 73 73 71 69 65 63 65 68 68 67 66 66 67 66 66 64 59 53 48 42 40 42 46 50 54 57 56 54 53 53 53 55 57 60 62 64 63 61 60 58 56 58 62 65 67 69 72 74 75 74 74 75 75 75 75 73 70 66 61 55 
51 50 49 48 46 44 43 42 39 35 33 32 30 29 29 29 29 30 32 36 38 36 33 33 36 39 39 37 38 39 41 44 48 52 55 59 62 67 71 74 75 74 72 69 67 66 67 68 69 69 69 68 68 67 64 61 58 53 49 44 41 43 47 51 54 56 56 53 52 54 55 56 58 60 60 59 60 61 61 59 57 59 62 65 68 70 73 75 76 77 78 77 76 76 74 71 69 67 64 60 
48 48 47 47 45 44 43 43 41 38 37 35 32 30 29 28 28 29 32 36 38 37 34 34 38 41 40 38 38 40 41 45 50 55 60 64 67 70 73 75 76 75 73 70 68 67 68 69 70 70 70 69 68 66 62 59 56 53 49 45 43 45 49 52 54 56 56 54 54 55 57 58 59 60 58 57 59 61 61 60 59 60 64 67 69 72 74 76 77 78 79 78 76 75 74 71 70 70 67 64 
44 45 45 46 47 47 45 44 43 42 41 39 37 33 29 27 28 30 33 37 39 38 36 36 40 43 43 42 41 42 44 47 52 58 64 69 72 74 76 77 78 77 74 71 68 67 67 68 69 70 70 68 65 62 59 56 54 51 49 47 47 48 51 54 54 55 56 56 56 57 58 59 61 61 58 56 57 59 60 60 60 62 67 70 72 73 75 76 77 77 78 77 75 74 73 72 72 72 71 70 
41 42 44 46 48 49 47 45 45 44 44 43 40 36 30 27 28 31 34 38 40 39 37 38 42 45 45 44 44 44 45 49 53 60 67 72 75 77 78 79 79 78 74 71 68 66 66 67 68 70 70 67 63 60 57 55 53 51 50 50 50 51 54 56 56 56 57 59 59 59 59 61 63 63 59 57 58 59 61 61 62 65 70 72 74 74 75 76 76 76 76 75 73 72 72 72 73 74 73 74 
37 39 42 45 47 48 48 46 46 47 47 45 42 39 33 29 30 33 35 38 39 38 37 38 42 45 45 44 44 44 46 50 55 61 68 72 75 77 78 79 80 78 76 73 70 68 67 67 68 70 70 68 65 62 60 58 57 55 53 52 51 53 56 58 60 61 62 63 63 63 63 64 64 64 61 59 60 62 63 64 64 67 71 73 74 74 74 74 74 73 73 73 72 72 73 73 74 75 75 75 
32 34 39 43 46 48 47 46 46 49 50 49 46 42 37 34 34 36 37 37 37 36 36 38 41 44 45 44 44 45 47 51 56 61 67 71 74 76 78 79 79 79 77 74 72 71 69 67 67 70 71 70 68 67 65 64 63 61 58 54 52 53 57 61 64 67 68 69 69 67 67 67 65 64 62 61 62 65 67 67 67 70 73 74 74 73 72 71 70 70 70 70 71 73 72 73 74 74 75 75 
28 31 37 41 45 47 47 47 48 51 53 51 49 46 41 38 38 38 37 36 35 35 36 38 42 45 45 45 46 47 49 53 57 61 65 68 71 73 75 77 78 77 76 74 73 72 70 68 68 70 71 70 70 69 68 67 66 64 61 56 54 56 60 63 67 70 71 72 72 71 71 70 68 66 64 62 64 67 69 71 71 73 75 75 74 72 71 69 67 65 65 66 68 70 71 71 73 74 74 74 
28 29 32 37 42 45 47 48 50 53 54 52 51 48 45 42 41 39 37 36 36 36 37 40 44 46 47 46 47 49 51 55 59 61 63 65 67 68 71 74 75 75 73 73 73 73 71 70 70 71 70 70 70 70 68 67 67 66 63 59 57 58 62 65 68 70 71 72 73 75 76 74 71 68 65 64 65 68 71 74 76 76 77 76 75 73 70 66 62 60 59 61 65 68 69 70 71 71 72 71 
28 29 30 35 41 44 47 49 52 54 54 53 52 50 46 44 42 39 37 37 37 37 38 41 45 47 47 47 48 49 51 56 59 61 62 64 65 66 68 72 74 73 72 72 73 73 72 71 71 71 70 70 71 70 68 66 67 66 64 60 59 60 63 66 68 70 71 72 73 76 78 76 72 68 66 65 66 68 71 76 78 78 77 76 75 74 70 64 60 57 57 59 63 66 67 69 70 70 70 69 
30 30 32 36 40 44 46 48 50 52 52 50 49 48 46 45 43 40 38 37 37 38 39 41 44 46 47 47 48 50 53 57 60 61 61 63 65 66 69 72 74 73 71 71 72 73 72 71 71 70 69 69 69 68 67 66 66 66 64 61 60 60 63 66 68 69 70 71 72 74 76 74 71 68 66 65 66 68 71 76 78 78 77 76 73 72 68 64 60 58 57 59 64 67 67 68 69 70 70 69 
34 33 34 37 41 43 45 45 46 48 48 46 44 44 46 46 44 41 39 38 38 39 39 41 42 44 45 46 48 52 55 59 61 62 62 62 65 67 69 72 73 72 70 70 72 73 71 70 69 69 68 66 64 64 64 65 64 64 63 62 62 62 63 64 66 67 68 68 69 70 71 70 68 66 65 65 66 68 71 75 77 77 76 74 70 67 66 64 61 59 58 61 65 67 67 67 68 70 70 70 
38 37 37 39 41 43 45 45 45 45 44 43 42 43 45 46 44 42 40 40 39 39 39 39 39 40 41 43 47 52 56 59 62 64 64 64 67 69 69 71 72 71 69 69 72 72 71 69 67 66 64 63 61 60 61 62 62 62 63 63 64 63 63 63 63 63 64 64 64 65 66 65 64 64 64 64 66 68 71 74 76 76 75 73 69 66 64 63 61 60 60 62 65 67 66 67 68 70 70 71 
42 41 40 42 42 44 46 47 46 44 42 41 42 43 44 43 42 41 40 40 41 40 39 37 34 33 35 39 44 51 56 59 63 66 67 69 70 69 69 70 71 70 70 70 70 69 68 66 64 62 60 60 59 59 59 59 59 59 61 64 66 65 64 63 60 58 59 61 61 61 61 60 59 61 63 65 66 67 70 72 72 73 73 71 68 65 63 62 60 60 61 63 66 67 68 68 70 71 72 73 
44 43 42 43 43 44 47 49 47 44 41 41 42 44 43 41 40 40 40 41 41 40 39 36 31 28 31 36 41 49 55 59 62 65 68 70 71 69 68 69 70 69 70 70 68 66 65 64 61 59 58 58 58 58 57 58 57 57 60 64 67 66 65 62 58 55 56 58 57 56 56 55 55 57 61 63 64 66 68 69 69 70 70 69 66 63 61 59 58 59 60 62 64 65 67 68 69 71 72 72 
45 45 44 45 45 46 48 49 47 44 42 42 44 45 44 42 41 40 39 39 40 39 37 34 30 28 31 36 41 47 52 55 59 62 64 67 68 68 68 68 69 68 68 68 67 66 64 62 59 57 56 56 57 57 57 58 58 59 62 65 66 66 65 62 58 55 54 53 52 51 51 51 52 54 57 60 61 63 65 67 67 67 67 65 63 61 59 56 55 55 56 57 58 60 62 63 65 66 67 67 
46 46 46 46 48 49 50 49 48 46 45 44 45 46 46 44 42 39 37 37 38 37 35 33 30 29 32 36 41 45 48 51 53 56 59 62 65 67 68 68 69 68 66 66 67 67 64 60 57 55 54 54 55 56 58 59 61 63 65 66 66 66 65 62 59 56 52 48 47 47 47 48 50 53 55 57 59 61 62 63 63 63 61 60 60 59 56 52 50 50 50 50 50 51 54 57 58 59 61 60 
48 48 47 48 49 50 51 50 49 48 46 46 47 47 46 44 41 38 36 36 37 36 34 32 29 28 31 35 39 42 45 47 50 53 56 59 62 66 68 70 70 69 68 67 67 67 64 59 56 53 52 53 55 57 60 62 63 66 67 67 67 67 65 61 57 54 50 46 46 46 46 47 49 51 53 55 57 58 59 59 59 58 56 55 56 55 52 48 46 44 44 44 44 44 47 50 51 53 55 55 
50 49 48 49 50 51 52 53 51 49 47 47 47 47 45 43 40 37 36 36 36 35 33 31 28 28 29 32 36 39 42 45 48 51 55 58 62 66 69 72 72 72 72 71 69 67 64 61 57 52 50 52 56 60 61 63 65 67 68 70 70 69 65 60 54 49 47 46 46 47 48 47 48 49 51 53 55 55 55 56 56 55 53 52 51 49 47 45 42 40 39 39 40 40 40 41 43 46 49 51 
52 51 50 50 50 51 53 55 54 51 48 47 47 47 45 42 40 38 36 36 37 36 33 31 29 28 29 32 34 38 42 44 47 51 55 58 62 66 69 72 73 74 74 73 69 67 65 62 58 52 49 51 57 61 62 63 65 67 69 71 72 70 64 58 52 46 45 45 46 48 48 47 46 47 49 52 53 53 52 53 53 52 50 49 47 44 43 43 40 37 35 36 37 37 36 35 38 42 45 49 
53 52 52 52 53 54 55 55 54 51 48 48 48 48 47 45 42 40 38 37 38 37 34 32 31 31 31 33 35 38 41 45 48 52 55 58 62 66 69 71 72 73 73 72 70 68 66 63 58 52 48 50 55 59 62 64 66 68 69 71 71 69 63 58 52 47 45 45 45 46 45 44 44 45 47 49 50 51 50 50 50 49 46 46 45 43 42 40 37 34 32 34 35 36 35 35 37 40 43 46 
54 54 55 56 57 58 58 56 53 50 47 47 48 48 49 48 45 42 40 39 38 38 36 34 34 35 35 35 37 39 41 45 51 54 56 58 62 66 69 70 70 71 72 71 71 70 68 64 59 53 48 49 52 56 62 66 67 69 70 70 70 67 62 56 52 49 46 45 45 43 41 41 41 42 44 45 47 48 47 46 46 44 42 42 43 43 41 38 35 31 29 31 35 36 36 37 38 38 41 45 
58 58 59 59 60 61 59 56 53 49 46 46 47 48 49 49 46 42 41 40 39 39 37 35 36 37 37 38 40 41 43 47 53 56 58 60 63 67 70 72 72 72 73 72 71 71 68 65 60 53 49 49 52 56 62 65 66 68 68 68 68 65 60 55 51 48 45 44 44 42 40 39 40 40 41 43 44 45 44 42 42 41 39 39 41 41 38 35 32 28 26 29 33 34 35 37 37 38 41 45 
62 63 64 64 63 63 61 58 54 50 46 46 48 49 49 48 45 42 40 40 40 39 38 36 37 39 40 42 44 45 46 50 56 59 61 63 65 67 70 74 76 76 75 74 71 69 67 64 59 53 50 50 52 56 61 63 64 64 64 64 63 62 58 54 50 47 45 44 44 43 42 41 40 40 41 42 42 39 38 37 38 38 38 38 39 38 36 33 31 26 24 27 30 31 33 36 38 40 43 45 
66 67 69 68 67 65 62 58 54 49 46 46 48 49 48 48 45 41 40 40 40 40 39 38 38 40 42 45 48 48 49 53 59 62 64 66 67 68 71 77 80 79 78 76 72 68 66 63 59 54 51 51 52 56 60 62 61 61 60 60 60 59 57 52 49 46 44 43 44 44 43 41 40 40 40 41 39 35 33 33 34 34 36 37 37 36 34 32 29 25 23 25 27 29 32 35 38 42 45 46 
72 73 72 70 69 67 63 58 53 48 44 44 45 46 46 45 44 43 42 41 41 40 39 39 39 41 44 48 51 53 55 58 62 65 66 68 69 70 73 78 81 80 78 75 72 68 66 62 59 55 54 53 53 56 59 60 60 60 59 58 57 57 55 51 47 43 42 42 42 41 40 38 37 37 36 36 35 33 31 30 30 30 31 31 32 32 31 29 27 23 22 24 26 29 32 35 39 43 47 49 
79 77 74 72 71 68 63 57 51 46 43 41 40 41 41 41 42 44 44 43 41 41 40 39 40 41 45 51 55 59 62 64 67 69 68 68 70 73 75 79 81 79 76 73 71 68 65 61 58 58 58 57 55 56 58 58 59 60 59 56 55 55 54 50 45 40 40 41 40 38 36 34 33 33 31 31 32 32 31 29 27 26 25 25 27 28 27 25 24 23 22 24 26 29 32 35 39 44 48 52 
81 80 77 74 72 69 63 56 49 44 41 39 38 38 39 39 41 44 45 44 43 42 42 41 41 43 47 54 59 63 67 69 70 72 71 71 73 75 77 79 81 79 76 73 70 67 64 61 59 61 61 59 57 57 57 57 57 58 57 54 53 53 53 50 44 40 39 40 38 35 32 31 30 29 28 27 28 30 30 27 26 25 23 22 24 25 24 23 22 21 21 23 25 28 32 36 40 46 50 54 
82 81 79 77 73 69 62 54 47 42 39 38 38 38 38 38 40 43 45 45 45 45 43 43 42 44 48 55 61 66 69 70 70 71 72 73 74 75 76 78 79 78 76 73 70 68 65 64 63 62 61 61 61 60 59 58 56 54 53 52 51 51 51 48 44 41 39 38 35 32 29 27 25 24 25 25 25 26 26 26 26 25 22 21 22 22 22 21 20 20 20 21 24 28 33 38 42 46 51 54 
